0 74.53 4109.91 3047.99 2266.91 973.53 4190.1 3301.89 4757.74 3044.34 3094.97 3986.26 
1 4069.7 2999.49 2213.59 900.61 4137.39 3238.52 4701.35 2969.89 3020.66 3913.82 
2 1172.36 1972.94 3496.22 891.0 1814.9 1415.48 3672.79 3777.16 2995.64 
3 816.66 2350.0 1172.13 994.7 1796.67 2648.37 2755.04 2315.28 
4 1533.33 1923.89 1188.01 2497.22 2208.38 2311.8 2324.08 
5 3416.82 2409.76 3935.38 2113.77 2175.11 3013.53 
6 1233.33 650.85 3086.34 3184.38 2202.27 
7 1586.48 1876.75 1978.56 1320.77 
8 3285.36 3373.5 2177.21 
9 106.71 1359.73 
10 1411.95 
11 
