0 74.53 4109.91 3047.99 2266.91 973.53 4190.1 3301.89 4757.74 3044.34 3094.97 3986.26 5092.5 6406.14 5903.38 8436.19 6962.77 6693.61 6575.92 8009.38 
1 4069.7 2999.49 2213.59 900.61 4137.39 3238.52 4701.35 2969.89 3020.66 3913.82 5023.74 6336.65 5828.85 8368.35 6889.86 6619.58 6501.49 7937.76 
2 1172.36 1972.94 3496.22 891.0 1814.9 1415.48 3672.79 3777.16 2995.64 2876.14 3903.8 5055.82 5441.22 4989.6 5150.21 5315.72 5594.54 
3 816.66 2350.0 1172.13 994.7 1796.67 2648.37 2755.04 2315.28 2719.88 3972.38 4546.82 5801.93 4883.36 4886.17 4959.08 5695.22 
4 1533.33 1923.89 1188.01 2497.22 2208.38 2311.8 2324.08 3087.83 4400.1 4557.28 6341.09 5174.32 5070.72 5074.39 6093.55 
5 3416.82 2409.76 3935.38 2113.77 2175.11 3013.53 4141.28 5448.66 4954.9 7490.32 5989.27 5724.12 5614.71 7039.27 
6 1233.33 650.85 3086.34 3184.38 2202.27 1986.76 3063.53 4179.74 4733.71 4116.36 4260.57 4425.08 4775.45 
7 1586.48 1876.75 1978.56 1320.77 1899.85 3213.17 3555.62 5175.28 4005.13 3946.34 3992.11 4906.06 
8 3285.36 3373.5 2177.21 1576.3 2490.66 3883.65 4088.05 3600.34 3817.86 4029.33 4179.74 
9 106.71 1359.73 2673.84 3821.56 2863.8 5889.37 4089.14 3722.19 3559.68 5216.69 
10 1411.95 2723.61 3850.6 2824.1 5914.62 4086.73 3704.2 3530.26 5221.45 
11 1314.23 2510.05 2250.24 4583.09 2980.11 2777.13 2752.82 4030.5 
12 1321.76 2330.29 3350.16 2171.14 2274.06 2457.69 3007.02 
13 2350.15 2073.38 1202.91 1669.92 2040.85 1724.93 
14 3950.03 1739.81 1108.05 772.08 2879.86 
15 2220.67 2897.22 3324.15 1274.64 
16 683.33 1115.67 1173.07 
17 432.69 1775.52 
18 2174.4 
19 
